TokenId,DateTime,Title,ArtistName,Playlistname,CategoryName
949,04-12-2017 05:04:20,Recipe - Apple Ragi Porridge,EC-RARP-CN-E-1017,West and North IAP TV,IAP TV
949,04-12-2017 05:04:17,Wipe 1,EC-WIPE-CP-E-0617,West and North IAP TV,IAP TV
